1:
    sepal_length: 5.1360294117647
    sepal_width: 3.2102941176471
    petal_length: 2.0977941176471
    petal_width: 0.49779411764706
2:
    sepal_length: 6.1686956521739
    sepal_width: 2.8408695652174
    petal_length: 4.7930434782609
    petal_width: 1.6121739130435
3:
    sepal_length: 7.0428571428571
    sepal_width: 3.1408163265306
    petal_length: 5.9367346938775
    petal_width: 2.1775510204082
